/** This file is auto-generated by tools/print_matrices.py */

// OKLab to LMS matrices

export const OKLab_to_LMS_M = [
  [1.0, 0.3963377773761749, 0.21580375730991364],
  [1.0, -0.10556134581565857, -0.0638541728258133],
  [1.0, -0.08948417752981186, -1.2914855480194092],
];

export const LMS_to_OKLab_M = [
  [0.21045426830931396, 0.7936177747023053, -0.0040720430116192585],
  [1.9779985324311686, -2.42859224204858, 0.450593709617411],
  [0.025904042465547734, 0.7827717124575297, -0.8086757549230774],
];

export const XYZ_to_LMS_M = [
  [0.819022437996703, 0.3619062600528904, -0.1288737815209879],
  [0.03298365393238847, 0.9292868615863434, 0.03614466635064236],
  [0.04817718935962421, 0.2642395317527308, 0.6335478284694309],
];

export const LMS_to_XYZ_M = [
  [1.226879875845924, -0.5578149944602171, 0.2813910456659647],
  [-0.04057574521480083, 1.112286803280317, -0.07171105806551635],
  [-0.07637293667466008, -0.42149333240224324, 1.5869240198367818],
];

// linear_sRGB space

// linear_sRGB to XYZ matrices

export const linear_sRGB_to_XYZ_M = [
  [0.4123907992659593, 0.357584339383878, 0.1804807884018343],
  [0.21263900587151024, 0.715168678767756, 0.07219231536073371],
  [0.01933081871559182, 0.11919477979462598, 0.9505321522496607],
];

export const XYZ_to_linear_sRGB_M = [
  [3.240969941904523, -1.5373831775700941, -0.4986107602930035],
  [-0.9692436362808797, 1.8759675015077204, 0.04155505740717562],
  [0.05563007969699365, -0.20397695888897652, 1.0569715142428784],
];

// linear_sRGB to LMS matrices

export const linear_sRGB_to_LMS_M = [
  [0.4122214694707629, 0.5363325372617349, 0.051445993267502196],
  [0.2119034958178251, 0.6806995506452345, 0.10739695353694051],
  [0.08830245919005637, 0.2817188391361215, 0.6299787016738223],
];

export const LMS_to_linear_sRGB_M = [
  [4.076741636075959, -3.307711539258062, 0.2309699031821041],
  [-1.2684379732850313, 2.6097573492876878, -0.3413193760026569],
  [-0.004196076138675526, -0.703418617935936, 1.7076146940746113],
];

// linear_sRGB coefficients for OKLab to RBG gamut approximation

export const OKLab_to_linear_sRGB_coefficients = [
  [
    [-1.8817030993265886, -0.8093650129914305],
    [1.19086277, 1.76576728, 0.59662641, 0.75515197, 0.56771245],
  ],
  [
    [1.8144407988011002, -1.1944526678052347],
    [0.73956515, -0.45954404, 0.08285427, 0.12541073, -0.14503204],
  ],
  [
    [0.13110757611180976, 1.8133397092666066],
    [1.35733652, -0.00915799, -1.1513021, -0.50559606, 0.00692167],
  ],
];

// linear_P3 space

// linear_P3 to XYZ matrices

export const linear_P3_to_XYZ_M = [
  [0.48657094864821615, 0.26566769316909306, 0.19821728523436247],
  [0.22897456406974878, 0.6917385218365063, 0.07928691409374498],
  [-3.9720755169334874e-17, 0.04511338185890263, 1.0439443689009757],
];

export const XYZ_to_linear_P3_M = [
  [2.4934969119414254, -0.931383617919124, -0.4027107844507169],
  [-0.8294889695615748, 1.7626640603183465, 0.023624685841943587],
  [0.03584583024378447, -0.07617238926804183, 0.9568845240076874],
];

// linear_P3 to LMS matrices

export const linear_P3_to_LMS_M = [
  [0.4813798527499543, 0.4621183710113182, 0.05650177623872754],
  [0.2288319418112447, 0.6532168193835677, 0.11795123880518772],
  [0.08394575232299314, 0.22416527097756647, 0.6918889766994405],
];

export const LMS_to_linear_P3_M = [
  [3.127768971361874, -2.2571357625916395, 0.12936679122976516],
  [-1.0910090184377979, 2.413331710306922, -0.32232269186912466],
  [-0.02601080193857028, -0.508041331704167, 1.5340521336427373],
];

// linear_P3 coefficients for OKLab to RBG gamut approximation

export const OKLab_to_linear_P3_coefficients = [
  [
    [-1.7723439275129815, -0.8207587433674075],
    [
      1.1941401817279191, 1.7629811997119313, 0.5958599382482035,
      0.7575999740543717, 0.5681684967815825,
    ],
  ],
  [
    [1.8031987175305486, -1.1932813966558908],
    [
      0.739566819222909, -0.45954279991708363, 0.08285308769183684,
      0.12541164951759598, -0.14503290744198968,
    ],
  ],
  [
    [0.08970487824467556, 1.903277465741611],
    [
      1.365094411769746, -0.013962295570417609, -1.145230508988296,
      -0.5025987876722386, 0.003174713115376433,
    ],
  ],
];

// linear_rec2020 space

// linear_rec2020 to XYZ matrices

export const linear_rec2020_to_XYZ_M = [
  [0.6369580483012911, 0.14461690358620838, 0.16888097516417208],
  [0.262700212011267, 0.677998071518871, 0.05930171646986195],
  [4.994106574466074e-17, 0.028072693049087438, 1.0609850577107909],
];

export const XYZ_to_linear_rec2020_M = [
  [1.7166511879712683, -0.3556707837763925, -0.25336628137365985],
  [-0.666684351832489, 1.6164812366349388, 0.015768545813911142],
  [0.017639857445310787, -0.042770613257808524, 0.9421031212354739],
];

// linear_rec2020 to LMS matrices

export const linear_rec2020_to_LMS_M = [
  [0.6167557848654442, 0.3601984012264634, 0.023045813908092294],
  [0.2651330593926367, 0.6358393720678492, 0.0990275685395141],
  [0.10010262952034829, 0.20390652261661446, 0.6959908478630372],
];

export const LMS_to_linear_rec2020_M = [
  [2.1399067304346517, -1.2463894937606181, 0.10648276332596672],
  [-0.8847358357577675, 2.1632309383612007, -0.27849510260343346],
  [-0.04857374640044416, -0.454503149714096, 1.5030768961145402],
];

// linear_rec2020 coefficients for OKLab to RBG gamut approximation

export const OKLab_to_linear_rec2020_coefficients = [
  [
    [-1.3683489920695098, -0.46664772924011705],
    [
      1.2572444967287073, 1.7158017578993177, 0.5648732965815851,
      0.7950731608689039, 0.5871636339736312,
    ],
  ],
  [
    [2.0115079619342793, -2.037909596534695],
    [
      0.740877547231353, -0.4586732968593921, 0.08182976577845266,
      0.1259870459043375, -0.1457032745561313,
    ],
  ],
  [
    [0.06454093208720016, 2.2970933629671704],
    [
      1.369204844365585, -0.016466673488647207, -1.1419786976495983,
      -0.5010647675403656, 0.001199059852599983,
    ],
  ],
];

// linear_A98RGB space

// linear_A98RGB to XYZ matrices

export const linear_A98RGB_to_XYZ_M = [
  [0.5766690429101307, 0.1855582379065463, 0.18822864623499472],
  [0.2973449752505361, 0.6273635662554661, 0.07529145849399789],
  [0.027031361386412343, 0.07068885253582723, 0.9913375368376389],
];

export const XYZ_to_linear_A98RGB_M = [
  [2.0415879038107456, -0.5650069742788595, -0.34473135077832956],
  [-0.9692436362808795, 1.8759675015077202, 0.0415550574071756],
  [0.013444280632031147, -0.11836239223101837, 1.0151749943912054],
];

// linear_A98RGB to LMS matrices

export const linear_A98RGB_to_LMS_M = [
  [0.576432259618394, 0.3699132226198797, 0.053654517761726306],
  [0.2963164705422246, 0.5916761332521887, 0.11200739620558688],
  [0.12347825101427758, 0.2194986983719987, 0.6570230506137239],
];

export const LMS_to_linear_A98RGB_M = [
  [2.554036838611557, -1.62197618068287, 0.0679393420713135],
  [-1.2684379732850315, 2.609757349287688, -0.34131937600265705],
  [-0.05623473593749363, -0.567041839566906, 1.6232765755043994],
];

// linear_A98RGB coefficients for OKLab to RBG gamut approximation

export const OKLab_to_linear_A98RGB_coefficients = [
  [
    [-1.591695414425798, -0.8395798483264386],
    [
      1.2154709874932843, 1.744542385001928, 0.5911924333323996,
      0.7740559749835529, 0.5710471573221024,
    ],
  ],
  [
    [1.8144407988010995, -1.1944526678052358],
    [0.73956515, -0.45954404, 0.08285427, 0.12541073, -0.14503204],
  ],
  [
    [-0.014529428934082385, 2.0735649978145205],
    [1.35733652, -0.00915799, -1.1513021, -0.50559606, 0.00692167],
  ],
];
